3.883881258448862450e-01
-9.118691726243455253e-01
5.883880036835775762e-01
-5.329911362576069678e-01
-8.314750025510069253e-01
-9.237348787538597339e-01
-4.196204339523079696e-01
1.879535956683546782e-01
9.527208550418928557e-01
-7.067206821689628882e-01
8.612924259425869256e-01
-1.486198308215234132e-01
-5.568190985840337781e-02
-3.644994685617175545e-01
3.626819754744212698e-01
2.263259150095042749e-02
5.793097945875920196e-01
9.224379559626467717e-01
9.657685182696973403e-01
9.809902995182104846e-01
7.382042330501199512e-01
9.758754496715280613e-01
8.092580454671107759e-01
-6.169750723744973353e-01
3.137017114824161013e-01
-6.065037892553002408e-01
9.497970111035636265e-02
9.446218204185474754e-01
-8.110570026923777931e-01
8.201135497591560686e-01
-4.906661181049229992e-01
9.677139677588013633e-01
-9.973989857545331184e-01
-4.097950019422023082e-01
5.428713540082799049e-01
-1.536563247215327888e-01
1.446930347589245880e-01
-1.713916400173625121e-01
-7.041077180964128157e-01
5.382105232357594637e-01
5.310362327314057662e-01
-6.224175571294887632e-01
-8.270899519833097013e-01
-5.196099534122071706e-01
2.957426688047675167e-01
7.056228454720172572e-01
1.172398700009309458e-01
-1.111550970806727268e-01
-4.049697553305606768e-01
-4.578789112970937936e-02
-2.768297386151234996e-01
-7.968086014334987421e-01
1.425144188572373682e-01
3.420473780779238471e-01
7.349706948004894880e-01
-4.405313373723207526e-01
-5.141654293145305754e-01
-6.706730326864147607e-01
-4.752890221585566177e-01
-5.137805735904277249e-01
-7.035873283284936885e-01
8.325601550920433969e-01
9.602212802060943186e-01
-1.108710474606720009e-01
-1.643805495557075780e-01
-4.269587041979441278e-01
3.215371207912727236e-01
-3.776183126483503294e-01
-8.648287102659524272e-01
6.307508511636821247e-01
-6.835234905735152466e-01
7.977263512300361015e-01
1.256693271571596160e-01
-7.664601066989007450e-01
-2.607397916658005244e-02
5.931370358497771722e-01
-6.173721701574512721e-01
-2.652913101721452449e-01
6.711011385738661073e-01
7.303399268718739901e-01
6.167409858383434695e-01
8.023635438197080916e-01
2.608571727270603269e-01
-7.661258288076155942e-02
-8.118991061632445660e-01
7.079164732278897532e-02
8.141227098923842220e-02
5.213172462375037508e-01
5.214148930258242221e-01
-5.450862291455440545e-01
-8.987766407502353339e-01
-1.071512325759342854e-01
1.546194348840450594e-01
9.192558234938486006e-01
-7.742317678972368000e-01
-1.626065195639621042e-01
-4.928127538655435735e-02
1.003359376346855125e-01
8.331748691364828652e-01
-8.613350625978362096e-01
5.608785494635066815e-01
-2.283298056232452300e-01
-4.332064242962905265e-01
4.914013965803745165e-01
2.851917986252574533e-01
8.651866863208532710e-01
8.939359744128418939e-01
1.424555345296929509e-01
7.998703343813273747e-02
3.594236530626730985e-01
1.211789039589912242e-01
-3.355509188374914409e-01
-8.106732276162194051e-01
6.935949383284749636e-01
-4.922874732647892770e-01
-8.084602296288931900e-01
-1.053639310482124003e-01
-9.498026205625513807e-01
-1.591458598372459399e-01
8.393005850226258335e-01
-9.307572376961819050e-01
2.379284487386534863e-02
2.048854068477850010e-01
-1.963265419322912653e-01
-6.659210192117555049e-01
7.243732082266836070e-01
-2.951234845225731984e-01
6.679095136256811838e-01
5.787824772587546462e-03
-4.699780958051098523e-01
8.828204733875559818e-01
-6.327268714360985147e-01
4.138037632247417719e-01
2.529078573434317967e-01
8.195278650324093750e-01
5.912703756526860310e-02
-5.111837724704351160e-01
2.685578235155361426e-04
-4.356935519652487265e-01
6.774812530471279182e-01
-3.188901715771539358e-01
6.367870262410402216e-01
2.085313212970938412e-01
-3.636172499831140659e-01
3.691119060978409472e-02
7.616324468928414859e-02
7.656781609301803737e-01
-8.074380998202834725e-02
5.200256142134380699e-01
-3.976046223136935343e-01
-5.517461534731553652e-01
-2.673693869189854855e-01
7.645562178999560921e-01
7.009031686298783370e-02
6.742510056772972327e-01
-3.280323675695182573e-01
-7.193125101188773129e-01
-3.243590146843795541e-01
-1.910749272686480538e-01
-4.085530710038833835e-01
5.694102200504533862e-01
5.636323517307355591e-01
-5.671243881911476326e-01
3.802351354288286966e-01
2.986137048979735642e-01
-3.673228428067925044e-01
5.033383207347068566e-01
-2.491517203562558791e-01
-7.214783053686637526e-01
-5.606537147830099599e-01
5.607660990427687508e-02
-7.937376652888161743e-02
2.075566056567230699e-01
-7.554773383610222659e-01
2.496027863240926070e-01
-2.119606805556482065e-01
9.784983622676191040e-01
-6.747108566682633590e-01
1.656514642531139447e-01
5.431140063118091721e-01
2.288824260581592274e-01
9.391604530986787935e-01
5.722900507756463195e-01
-9.901446383618308644e-01
-9.141382887199864804e-01
-7.605794598471586898e-01
-3.126723335480765531e-01
8.225887511691307719e-01
-5.360697146373096800e-01
-5.127487374289030342e-01
9.402707912575600790e-01
6.035269020578040156e-01
-3.069431086435698841e-01
-2.821690504665723687e-01
-1.340075387377697158e-01
9.726835628081043073e-01
-9.000433672186309852e-01
-8.666585250811364993e-02
5.227541227664365131e-01
-1.172616279635692038e-01
-9.376718081162214169e-01
-6.095975890987017642e-01
7.998677410603294291e-02
-6.022601126735549482e-01
8.376029447616546442e-01
-6.711507288582518882e-02
3.239521899827095819e-01
5.052555748827070037e-01
-6.796590565673352735e-01
-4.148870782996034734e-01
-8.991655541253342765e-01
-7.067939728232475183e-02
-7.960532901067658429e-01
3.972585503139340890e-01
1.595418897453899643e-01
-8.789154980118967231e-01
3.157444225278618344e-01
1.231786351731067874e-02
1.550402944159390284e-01
8.909882948999738872e-01
-2.499651705716621208e-01
2.452862836404439140e-01
6.641008687581138048e-01
6.800451333274011301e-01
-4.125409718728336728e-01
-3.530300229518414934e-01
-9.513311420595051970e-01
-8.849888923485731418e-01
4.712438909530667352e-01
-7.463976801611609257e-01
3.417133416060469386e-02
3.900410341963962413e-01
-6.975884861609586984e-01
-5.794385973735005635e-02
6.904901721835636774e-01
9.773577073886479116e-01
-4.240724901733758934e-01
1.188160011504606484e-01
6.257220624298451828e-01
3.716309946039075829e-01
9.016385900086383298e-01
6.860478879950271391e-01
5.176620372989781949e-02
3.004722994976101180e-01
5.747858681982940254e-01
6.178867513492960484e-01
7.197704200795036478e-01
4.885358695568271514e-01
3.053278024824326309e-01
7.749553499843340187e-01
-3.058640354399928540e-01
-6.636312440415805813e-01
7.157885915588722003e-01
6.139098524574104765e-01
-3.094084149690103924e-01
-2.897543645673834600e-01
