9.405159532684380652e-01 1.824265558840496571e-01
9.567303969321933055e-01 9.401898496356597690e-01
6.986680002224001651e-01 2.429406749018649947e-01
8.203172687654474160e-01 5.699960990110951586e-01
6.539374191980618090e-02 6.422020052911554533e-01
9.695771906956589525e-01 5.037411247123801949e-02
7.100811607448022089e-01 8.847759320836959818e-01
2.497431687662270416e-01 4.778579873507581288e-01
6.373397019754645232e-01 7.168726133012214286e-01
3.484370508088746599e-01 6.720010604781904151e-01
4.710411071242137648e-01 4.226976564768782918e-01
3.741808492803362363e-01 3.488075512943766832e-02
9.711527442714386060e-01 1.768817659103456563e-01
3.639462425091465336e-01 3.901471792946223927e-01
9.605069298625028562e-01 4.022074702333322538e-01
1.308378954392033222e-01 5.428858289495741563e-02
1.707932945653053425e-01 3.902301138701428362e-01
6.439704274167433740e-01 4.054236018959345156e-01
5.167830677585864008e-01 3.217222788441623793e-01
6.998497031813870617e-01 5.307291564059289923e-01
9.975841366082828232e-01 9.039195910758586194e-01
7.061246428686919208e-01 9.957907250026742929e-01
8.695361447241214403e-01 7.292675578618379451e-01
5.371272592657536649e-01 7.245474084877747689e-01
6.432500333390764879e-01 3.375967330842019054e-01
2.055051613959153478e-01 1.450823501699626261e-01
7.282635431385662272e-01 3.023500769107823061e-01
4.013266558158011810e-01 7.559124294959918000e-01
1.899434945234221850e-01 9.370041240850179864e-01
6.027186764860494872e-01 3.953692238774256795e-01
1.583139677569559423e-01 1.168531519341486913e-02
6.492195630193721145e-01 4.352408296449878922e-01
9.210954764674019746e-01 2.191029930417088822e-01
5.817630793219977781e-01 3.351699386208890630e-01
9.280064156385582352e-01 8.335998048783831438e-01
9.897915960326570950e-01 1.668121422083902461e-01
8.567122166878713418e-01 1.893604609451829957e-01
1.616641840945259867e-01 4.688358135558345907e-01
4.240443685466276369e-01 3.228901791442450042e-01
1.719923037575186164e-01 2.458104046941161913e-01
4.698009588472333853e-01 9.265289845646286215e-01
5.347592355628857375e-01 7.451766258387009234e-01
7.158355893207923870e-01 1.282713315976967694e-01
5.222336698223154494e-01 2.752526752579775859e-02
4.790560007727634462e-01 8.980118509886436673e-01
5.671922846612109659e-01 4.726414618744463336e-01
1.927958554404659575e-01 4.605938908924032127e-01
9.945155111618001476e-01 9.950492441532359233e-01
1.262048383684891695e-01 8.357471592578999964e-01
3.908929216501763060e-01 5.711746661641193823e-01
5.218052487698732200e-02 4.349922894376160309e-01
9.190106598843325036e-01 6.722772248697578279e-01
5.222220309682291672e-01 6.562611668819111621e-01
1.680026885292696948e-01 6.463251740151925162e-01
2.715278091802897364e-02 7.626981081226205106e-01
7.900500991076903068e-01 6.204747782852205740e-01
6.992888723604540058e-02 3.179473432790590470e-01
8.444223565420772015e-02 5.529990019629329456e-01
4.026240222122040580e-01 1.880870653695474459e-01
7.440204371158715135e-01 1.299020849181571347e-01
3.933958781343560585e-02 4.583844836225303698e-01
1.077620851058691542e-02 2.948853676404037394e-01
9.128903568194811635e-01 9.199416035603148467e-01
5.491895519236942302e-01 4.915268357558284507e-01
1.948086905424897264e-01 2.972503394826372380e-01
3.727033606935802323e-01 5.771421966069514298e-01
9.086712133107763822e-01 6.838102974976233428e-01
5.188791959335141701e-01 4.874846129945779039e-01
4.972125564432022804e-01 2.212176394603186935e-01
1.148150983340721076e-01 8.460962659319459789e-01
9.593290539873899903e-03 9.828767381298302297e-01
7.103301134877205714e-01 9.244946839735646016e-03
2.491829357697843417e-01 8.199476687591571444e-01
3.032403689183239548e-01 5.013446254564767335e-01
7.914252506318387725e-01 5.815838624053442096e-01
4.889728145478455801e-01 4.933546918203142173e-01
2.531352484742310782e-02 9.196415153093984163e-01
8.844946683828435186e-01 8.463755350784788467e-01
2.851652954801805473e-01 2.963284688671337097e-01
5.441524192873895549e-01 9.389467644393316714e-01
7.351299723014643739e-01 2.276905216189278880e-01
8.104312138020607348e-01 2.263122781179442988e-01
7.691231539078918766e-01 4.193679137847005078e-01
8.239101797079418921e-01 7.548561663949333589e-01
5.321206800808705450e-01 1.227429659559409192e-02
3.859388449072975735e-01 2.244449817528476609e-01
5.703432356617643695e-02 2.893470146365042517e-01
9.532960047664934544e-01 4.196985930402545861e-01
1.156021623884558869e-01 5.210545237237461658e-01
8.927579313839770769e-01 2.097158212181791104e-01
2.303444798787123160e-01 2.073842882888151662e-01
7.182615468621067478e-01 7.653423639526676370e-01
4.386438188749657296e-01 7.288475087389281182e-01
5.646373298675800845e-01 5.682639530881352652e-01
9.675854895568721803e-01 8.585479334698911114e-01
4.196750602699619304e-01 6.893757412615486579e-01
4.376184084426770760e-01 1.003698269682832267e-01
6.110891787075573012e-01 8.917657083750879510e-01
6.636353847379912185e-01 2.266440862243169763e-01
8.919127939928320759e-01 5.206251096130698475e-02
3.736321636569112092e-01 9.727273944499510439e-01
1.213931822107953140e-01 9.805273188624952230e-02
2.121928623152945503e-01 7.218857584901219315e-01
1.655422924576882560e-01 9.235289760612568344e-01
1.677245194769989567e-01 4.867963867979230308e-01
6.316329944624410331e-01 9.848639405728858431e-01
7.844156922693065193e-01 7.731045086325885052e-01
6.346251433272025455e-01 1.805031709830869913e-01
5.338549226702737904e-02 1.955380635505431508e-01
1.755243706595559505e-01 8.497259866449191623e-01
1.031667678390641996e-01 9.237313108455103006e-02
9.222116148267136548e-01 1.650948774003647701e-01
9.468562311558836875e-01 7.772624833884950180e-01
1.461602935805661474e-02 6.238931099609280606e-01
8.087365728586319857e-01 5.443405474786262577e-01
7.165842719522996784e-02 7.556612219756645432e-01
2.100798950450999403e-01 6.880259625463384099e-01
6.988898078141175807e-01 1.039492011996838716e-01
4.880634050927730172e-01 8.740046868035477035e-01
3.869687137647651598e-01 8.251558259332562040e-01
9.481876507854217762e-01 6.271384587058075333e-01
2.206596470943362753e-01 6.029892315533806890e-01
1.440936362569262830e-01 8.266274892169870325e-01
7.958387429948092784e-01 5.546213201149744476e-01
1.321484240714372316e-01 8.647260668840084374e-02
9.468395617381782925e-01 8.946818253413333366e-01
6.801929351754382180e-01 1.201397827439451005e-01
8.888148602080405691e-01 5.140996293088435642e-01
6.278147528055361137e-01 1.780656292371523008e-01
4.498659452529807368e-02 7.961901260628937438e-01
7.733135025389862305e-01 8.944051675181553529e-01
7.297112063387671821e-01 1.135790806946287423e-01
9.979035976508483508e-01 6.164533950774260251e-01
1.256341855096424487e-01 7.387409926636440138e-01
7.290315209209092817e-01 4.051769752683076486e-02
5.469475581884708504e-02 2.120224726914988755e-01
7.187765011849622798e-01 7.754029788777614396e-01
4.658056070782690128e-02 7.122286578770942178e-01
1.536883736021450453e-01 9.241570220735160213e-01
9.571105983542794737e-01 5.240068962723349877e-01
1.426580816536298091e-01 2.038400471481977005e-01
8.492772947742734946e-01 6.556627361733599058e-01
6.920223422940930957e-01 9.801659965730821211e-01
9.495359568632446567e-01 4.786679133354565518e-01
9.032856981640490224e-01 3.400409932700112492e-01
6.033721886531797640e-01 1.035772517982914698e-01
4.142402411502967841e-01 5.671152721811415498e-01
1.391103916770773941e-01 8.602509731685892280e-01
6.362160101190132977e-01 3.762555678820584948e-01
2.398684841740958973e-01 4.420684837558497282e-02
6.018741433053615975e-01 6.054243380380768258e-01
2.580246346561416715e-01 3.029715587005785693e-01
4.896034545819141215e-01 4.782491890665540035e-01
7.487997696447457052e-02 6.566333660100300840e-01
2.062374267021852559e-01 4.746046762460830459e-01
8.944496853082527510e-01 5.648331690898148461e-01
8.783262944307967945e-02 3.129860577611409678e-02
5.619761998027070771e-01 2.631585129629131492e-01
4.144585236985109944e-01 9.912225124075524363e-01
7.129640461930630835e-02 4.149871291401836526e-01
3.546908292450732247e-01 3.897600111778867227e-01
4.449747189882705678e-01 7.462736983873401453e-01
8.532738166430053894e-01 1.941683094882455940e-01
1.827232277914263570e-01 3.259393073450100875e-01
7.090166770679965369e-01 2.024609264999462921e-01
1.834575464664834898e-01 4.123475340471627337e-01
4.454478447284093701e-01 6.138951019389642383e-01
1.427292902170927968e-01 2.816309831956145260e-01
9.332896579652943947e-01 8.406786886017305616e-01
2.907128270949840276e-01 4.813904809478430913e-02
5.132603751755754340e-01 9.062477366006863599e-01
4.198059312215767225e-01 2.677739745500319346e-01
7.067484727083622742e-01 6.754497403930103117e-01
2.533269810690621515e-01 9.918942528896721456e-01
3.494912787439767854e-01 2.735647545558370641e-01
6.010510561991662115e-01 4.915173840012143636e-01
6.948568250005767721e-01 5.502265704559839987e-01
7.601715832913878979e-01 8.560368595760925459e-02
1.470560851986287831e-01 1.725863877802442659e-01
5.003043162767437657e-01 1.347244159955724996e-01
3.403873149391241082e-01 2.097559297625067876e-01
2.261508726132772651e-01 6.480970986312365456e-01
2.164614606447374801e-01 5.989203018688534774e-01
6.038337239231986731e-01 2.965187898834157343e-01
2.082469655978993472e-01 8.337009070937817512e-03
7.295899579745627195e-01 7.156302945120827097e-01
8.738866133068263764e-01 2.294136658180383481e-01
9.114436283446181175e-02 7.923910062229370110e-01
7.578750337962125716e-02 5.027375614358629008e-01
7.674184379563808722e-02 8.743388573669219621e-01
3.921385557284979839e-01 3.380356417390395496e-01
8.833904978964800536e-01 7.283304888758888040e-01
5.724663795014229839e-01 4.535696902844565948e-02
2.667718369898675057e-01 3.349519442936296221e-01
2.554158103022163839e-01 3.517755767265331457e-01
7.400585628779129399e-01 1.541473903975795201e-01
2.261299064463231367e-01 1.837801718124748573e-01
8.423075397679538057e-01 8.294529611998127105e-01
5.251736277920178164e-01 2.470005571120537091e-03
9.141475395747055144e-01 6.393331447787099497e-01
7.326559459244840200e-01 7.778741657867247472e-01
9.013279537831375698e-03 9.634622292827840218e-01
2.600561207407671160e-01 5.241566692670042160e-01
8.743627625654604163e-01 8.341262870042971400e-01
1.854799731588094858e-01 2.113760403371969243e-01
7.413542737654467141e-01 6.609544173570682801e-01
6.930097206184957503e-01 5.088385474584635748e-01
7.055313392454329868e-01 4.608523809855272768e-01
2.329676378813233528e-01 6.159131911772390833e-01
9.919738095040414594e-01 7.561285063484293190e-01
8.851794017903450440e-01 3.335945762555090344e-01
4.811326312525746607e-01 3.480013122068205123e-01
1.585403726066909602e-01 4.977154010254335459e-01
3.025468496089365189e-01 8.655478347437037812e-01
3.712222943582969004e-01 3.281059945154048973e-01
9.954375355955397131e-01 6.703744288878320523e-01
9.239864316791550625e-01 4.901104601962044116e-01
9.610454737957456750e-01 9.133809283797251766e-01
9.493443840059322403e-01 6.506057984985484932e-01
4.058783570033517307e-01 7.507464300547385117e-01
9.124868642636365657e-01 3.636929145128540153e-01
1.654673265736182897e-01 3.723469664114098521e-01
4.301857518569820460e-01 4.243586546661689551e-01
9.284808283783706484e-01 2.316665613302255622e-01
8.410006515279704331e-01 8.667940991298062059e-01
5.125465726574535141e-01 6.770555195968934736e-01
4.960265244422343844e-01 9.457664039722011307e-01
7.155968027683310417e-01 9.407759196900384868e-01
5.098694247115781453e-01 3.700514373962486836e-01
6.707002497739814606e-01 7.794999293486412073e-01
5.330595039753235342e-01 1.439477159764153136e-01
8.477606373542946328e-01 2.855722787040966271e-01
8.904815208526037917e-01 1.845331933738740826e-01
1.016153717842060988e-01 9.584851202629345313e-01
4.158649277019129675e-01 5.161124142449152741e-01
5.404057451985682103e-01 9.682659668812886311e-01
5.517117956290916725e-01 2.692356760338591171e-01
2.252276404762280082e-01 9.928943186624269446e-01
4.517794110607916691e-01 1.427162390801500758e-01
8.197965764355216178e-01 9.319147763894822800e-01
6.471040139401577074e-01 7.765995709770743272e-01
2.851123956158994055e-01 7.779941984600837745e-01
2.960557283428779662e-01 3.474679999654456397e-01
7.141057891660683721e-01 3.070907111914656928e-01
5.823805688627612387e-01 5.175768358564284410e-01
4.734344493810852539e-01 6.614872297400354872e-01
5.967407372892733486e-01 9.422620542213506756e-01
7.277802695228496876e-01 2.307184436158942198e-01
2.327050666850609684e-01 6.003947247515017960e-02
9.070028939173281346e-01 1.692838876279897375e-01
6.858903025028295630e-01 4.061842021082940901e-01
6.695920279154334853e-01 6.834859344700949801e-01
9.003889885640060653e-01 1.767378356038291631e-01
4.350491929877776665e-01 2.041606800407199662e-01
5.011473927982323939e-01 4.690777949780258194e-01
2.342223779062717615e-01 7.884880037124000207e-01
